22103 107
32 32
30 40
22 27
30 36
125 70
4220 2682
5948 6930
7642 11709
9424 11736
8483 13352
9444 12577
9460 11374
8704 10563
8570 6835
7602 9692
4651 6980
2759 3184
2841 593
616 1551
945 514
427 624
594 390
523 409
1217 677
5782 2955
5256 7431
7117 8065
9202 11599
8858 13570
8742 13218
10835 12411
9266 10308
8883 8176
5926 5000
4892 8115
9980 11131
9552 6049
8938 12073
10141 14062
9882 13346
8931 12113
8343 10867
7514 9804
6579 7302
6171 6501
8441 8848
8227 7794
7706 10998
6083 9553
7157 8090
6285 8422
5807 6398
5166 5591
4691 4621
4579 4909
4283 4187
3840 4162
4386 4288
4671 4152
2817 3255
1474 2945
4214 1454
5996 5321
6780 5622
8060 8698
9040 11443
8633 8863
6888 9232
5905 7927
5429 6641
4812 6406
2966 3877
7148 5403
7943 8140
9965 9194
8230 11125
6663 8838
6720 8047
5575 7415
5566 6258
5269 5388
4716 5122
4707 4691
4571 4157
4619 4174
4206 3714
4304 3538
4503 3821
4785 4285
3231 4204
4471 3087
5332 5742
7602 6164
9190 10200
8362 11428
6900 8603
7447 8646
6425 6994
5506 6368
5604 5834
4017 5923
6022 9000
8187 8189
6389 9217
6689 8569
6254 6625
6127 5627
5155 4808
5614 4779
6081 4059
4925 3763
4547 3929
4880 3913
4853 4531
4579 4198
4398 4226
2506 3514
2090 1962
4215 1153
5742 6255
6294 8592
7451 8766
7471 8876
6943 9701
6849 7185
5607 6015
5815 5696
4498 4830
4069 4302
5072 4071
5111 4250
5539 4127
5821 4288
5145 4457
5532 4893
5237 4690
4557 3436
2321 3472
3028 5967
3852 6008
9209 9133
7039 9073
7083 7921
5662 6458
5205 6539
4471 5786
4799 4383
4339 4184
4191 3578
3810 3713
4145 3419
4295 3716
4612 3493
4412 3333
4032 3520
2469 3572
4152 3288
5579 7290
8578 5487
10523 12183
8757 12962
10177 13386
9931 13027
9490 12065
9549 11439
9630 10582
8295 7231
5552 3673
3230 3704
2276 1772
983 1211
530 622
684 450
530 453
515 363
2101 3388
6665 8311
7362 8037
9009 8615
9576 12489
9703 14240
10548 12841
9556 12352
9466 11561
6063 8517
4442 3606
9887 8563
11063 12525
11189 12849
9775 14571
10859 14081
10269 11708
9280 10874
9187 10597
8007 8161
5719 5962
6622 8922
8811 9127
9567 12313
9022 10603
7330 9025
7483 8778
6763 7701
5432 6473
5317 5983
4563 5471
5263 4675
4772 4192
4535 4510
5100 4420
4219 3315
2790 2927
3860 1792
4489 5758
6521 5882
7290 8406
9527 11924
8547 9064
7350 8959
7447 8373
6771 7955
6246 7366
3544 5946
6654 6324
7597 8547
8025 9344
11009 11590
9095 9522
7125 8684
7559 7282
6029 7665
5515 6530
4924 5477
4466 5160
5323 4144
4684 4247
4540 4213
4755 3756
4635 3783
4802 4044
4263 4177
2657 2528
5635 5053
4716 6984
6365 8584
9460 9675
9123 12354
7877 9694
7157 8534
6604 7833
6228 7572
4535 6392
5769 6307
9521 7353
5880 9851
8376 8920
5142 6415
5320 6454
4388 5630
5133 4543
4485 4286
4781 3889
4244 4180
4660 3871
4074 4078
4527 3622
4642 3500
1485 2262
1714 1291
1293 1337
3843 5520
6500 5471
7948 7965
8376 8006
6217 9751
6437 8313
6734 6976
5582 5929
4935 5601
5148 4484
5297 4263
5623 4208
5649 4142
6087 4365
5840 4834
6004 4952
5712 4808
5582 4703
3043 3021
4295 3978
6015 6812
5681 7884
8907 9227
7781 10238
6997 7584
7176 7281
6274 5587
5941 5663
5795 4885
4888 3907
4757 4116
5291 4062
5083 4537
4907 4789
5249 4952
5305 5066
5056 5113
3975 3873
6652 9183
11136 7001
12948 14054
11058 14690
12172 15805
13653 15763
12302 14983
10349 13677
9250 10966
9252 7280
5730 4681
3894 5121
3234 2597
1242 1495
939 1047
1354 935
1095 823
615 584
2292 3843
7386 8861
9761 8543
11509 14608
11379 15000
12006 15600
13133 15303
11955 15108
9977 13882
5811 8651
4953 3463
11799 9139
11574 12969
9889 14331
12087 16370
12844 15468
12717 14061
12099 13972
10324 11339
7890 7205
6830 5513
7918 11000
8112 10259
11397 13974
10593 11279
9884 9797
9303 11480
7893 9888
7146 8566
5588 6680
4971 5785
6089 5120
6371 5013
5705 5210
6080 4785
3840 4402
3044 3201
3430 1535
4387 5326
6804 6239
7776 9477
12134 15622
11511 12067
10263 12560
10725 11437
9307 9709
8701 9400
5202 7515
7110 7874
9044 9234
9891 10136
10423 11019
9996 9723
8189 9502
9275 10941
7734 10501
6871 7694
5961 5541
5115 5326
6246 4962
5590 4141
5382 4771
5018 4451
5924 4497
5744 4793
4649 4445
2635 3312
7136 4849
4927 7095
7637 11233
9373 12810
9853 10022
9143 10297
7883 9976
8502 9209
6824 8373
4232 4308
7571 6221
7198 8860
12281 9335
10671 12418
8989 8871
8475 9033
8049 8372
7212 5604
7927 6636
6845 5584
6920 5057
6585 5000
5301 4559
4804 4756
4912 4921
4908 3848
2836 2534
1501 2364
5138 6099
8452 6846
10297 9401
11856 9373
9428 11855
10434 10596
8177 9580
7005 8048
5453 5944
6018 5260
6685 5601
6541 5026
6191 4776
6438 4626
5742 5062
6148 4717
6108 4930
5897 4928
3251 2560
2487 5107
6312 7082
7618 7131
12943 11267
11875 8958
9359 9997
8519 9093
7462 8854
5891 8306
4971 4076
4260 4205
4963 4341
5102 4296
5314 4403
5278 4288
5504 4159
4318 4306
4858 4597
4408 2445
7162 3294
10919 8630
9410 12012
10177 14697
10038 12837
10129 15047
10326 13081
10538 12954
9800 10731
8513 7835
6918 5425
3167 5929
5072 3055
2302 3895
2656 1564
2566 1554
2886 1873
2369 2013
2137 1724
2000 1728
3465 4104
2930 3807
3031 3775
3013 3772
3334 4027
2688 3331
1952 2229
1211 1038
792 905
2502 2670
4145 3984
3676 3862
4173 4036
4532 4421
4220 4179
3369 3490
1706 1568
2641 4123
6418 9060
10584 9732
7702 10088
7430 8554
9072 9735
10069 9722
9475 8891
7945 8446
7110 6654
5197 5793
5037 6077
6334 5113
3963 4692
4320 4092
4145 4286
3988 3775
3056 3128
1761 1669
787 624
1876 2020
3732 4485
4409 5151
3562 4042
3002 3131
2919 2762
2515 2601
2269 2063
3060 5937
6914 7936
10353 7726
8154 7914
8696 7629
8436 9917
9186 11242
8933 10099
10199 9968
9165 8987
7916 6166
5587 6164
7161 6583
6760 6060
4527 5229
3140 3624
2982 2734
2571 2699
2011 1856
1529 3389
5088 7883
9594 9155
9080 9149
7432 6683
7579 6875
6377 7952
8742 7923
8507 8700
9351 7354
5625 8540
6243 10756
11991 6601
6249 8701
6755 6242
8231 7678
8943 9002
7914 7756
8369 7226
8258 7653
6262 4738
4049 4721
2635 2411
947 1086
348 398
250 66
18 108
36 6
39 33
6021 3811
7931 7149
8363 7905
7175 5768
6356 7421
8060 7789
8022 7430
8026 7052
8070 6906
7214 6470
4674 5723
2443 3720
2668 464
116 1562
639 98
82 236
117 52
16 64
20 11
7 12
7 3
2 3
2 2
1 2
1 1
1 1
1 1
1 1
1 1
1 1
1 1
1 1
1 1
1 1
1 1
1 1
1 1
9646 9141
25045 22993
18803 21105
19477 11611
21714 23298
25409 23953
7818 9078
7080 5208
5572 5337
7674 5581
8768 5101
8362 4826
4099 4314
5379 5118
5852 4993
5362 5254
5536 5344
4634 4108
6013 5044
4986 5530
3957 5682
3860 4159
5191 5965
5191 5936
4886 4395
4448 5233
6456 4679
4840 4198
4957 5010
4141 5519
5206 5069
4394 4580
5134 5118
4741 5619
4645 5068
4633 4113
4934 4994
5004 5078
21586 17747
25221 23036
19429 17250
20093 21326
17196 16336
17140 17645
15749 17203
6677 9923
4826 6354
5740 6790
4034 5164
3835 5351
3566 5460
3841 3669
3633 5406
4166 5178
4686 4957
4800 3690
3876 4284
5394 3884
5506 4045
5518 5106
4257 5322
5437 4919
5298 4983
5414 4926
5274 4761
5376 4606
6215 9417
21589 24696
24975 21690
14950 15675
19243 19543
15506 17566
16822 18095
9602 8844
6019 7219
5606 6396
16058 21807
24195 20629
20421 18970
7731 22649
24378 21657
5776 23357
6433 5306
3962 3867
6182 5130
14288 9592
25859 24698
24132 25047
23838 19309
16020 18053
16327 15417
16174 17699
8225 10645
7225 6841
5592 5442
14528 20494
19227 20403
17443 17031
10855 24530
26870 10023
5090 18972
5925 5155
4442 5929
4309 5622
5496 5402
3976 2622
5345 4577
3155 5279
4920 5218
4557 5175
4938 4826
5422 4900
4458 4401
5047 3797
20852 19899
24441 26812
20055 18845
20181 20561
16446 17036
16115 16718
10308 8821
10204 5967
5921 7831
4474 5181
4731 5279
3386 3960
5183 5034
3645 2984
5972 4500
2715 5298
4963 4842
4365 4737
5077 5050
15330 20125
21905 21914
21742 17698
14286 22841
22850 19427
5989 20044
3288 2475
5093 5357
4965 4642
4880 4971
5138 4827
4790 4391
3756 5067
4716 4723
3685 3844
5003 4546
3819 2986
5342 4086
5602 4751
22142 21381
23177 20950
19858 14961
19146 21678
25408 22564
7119 17866
6881 4771
7740 6028
7019 4552
6647 6314
6642 6375
5242 4238
5897 5005
6428 5637
4948 4414
6280 5663
5653 5228
4917 5155
5490 5148
5040 5585
5348 4517
4999 4963
5507 4487
5265 5475
5869 5006
5786 5039
5263 4611
6037 4184
6021 3864
3616 2940
5683 3357
5865 3902
3907 3670
5718 3546
5192 3808
4561 3438
4490 3774
17411 11208
24660 23250
22272 19278
18456 17176
17443 17966
17086 14328
14398 13358
7095 11138
8934 8041
6580 6196
3342 3762
4686 5581
5247 4486
5259 3670
3911 4320
4807 4313
4868 4746
4621 4663
5407 4828
5078 4159
5500 4491
4772 4959
4770 4380
4765 5123
5103 5163
3897 3775
5598 5079
5247 4801
4908 3946
22482 21399
21157 20598
17095 20192
18361 20640
18482 13639
18252 17055
8789 8807
8199 9059
7767 8596
16063 23132
18199 17228
19177 17020
19073 15716
23154 22168
10391 23160
7485 4983
4160 4664
8172 5850
5459 5546
25375 25553
24611 23949
16761 15208
18635 17911
14257 16244
18542 17045
10214 13691
9580 7260
7000 6273
12997 24135
20965 19583
19755 17972
9539 19134
26270 23188
8634 21254
6827 5206
4709 4267
3545 5502
4519 4672
4320 3430
4490 5418
3829 3891
4129 5469
3785 4313
4207 5524
4156 3933
4470 5300
4049 3767
21484 19094
22319 21215
16195 19807
19829 18739
14812 14528
13588 15328
14694 19926
6560 6439
9344 9287
5302 4932
6085 6056
3762 4854
5465 4253
3977 4127
3963 4543
5002 4431
3450 3287
5280 5064
3207 4136
15706 19877
23183 21021
21774 17763
6805 21167
27952 13739
6634 20598
5494 4227
5289 4869
4591 4860
5140 4640
4447 4055
4752 4937
3510 3669
5124 4891
5305 4794
4258 2924
4708 5346
3225 2929
4655 4095
13111 23462
20112 17505
17453 20804
8494 24891
24736 18059
8532 22666
3986 6852
4687 4863
7094 4575
5407 5371
5519 5674
4647 6132
8361 5268
3212 5595
4603 4160
4340 5635
4398 5507
5499 5069
4884 4542
3850 5010
4233 4227
5142 4236
5990 3917
3637 3632
4896 4186
5768 4265
6154 4806
3598 3384
4752 3962
5014 4678
5253 4488
4972 4553
5322 3912
4782 4649
5410 4216
5081 5320
4790 4303
4587 4723
20344 22511
21758 20260
18477 16194
19167 17848
14334 16604
18892 16394
8926 9418
6572 6968
6631 5794
5095 5750
4926 5227
4757 3823
3469 4267
5092 3949
5609 3803
5575 3725
3791 3195
5061 4152
5101 4262
4003 5100
4772 3995
4396 5626
4150 5398
4932 5306
5552 4116
5330 5382
4748 5212
5382 4548
20915 19269
22405 23111
20700 16756
20957 19190
16120 13868
16240 16340
10000 17289
6440 6182
6107 6642
13022 7514
20286 19465
18474 18413
21576 11003
22794 24180
22612 20390
7245 8607
6916 5456
6983 5234
9227 5977
22696 21011
19359 21941
16564 16190
24025 19926
14918 16415
18027 17898
11103 15984
7201 7193
7744 8031
12926 7274
20209 18068
20716 18938
18080 8827
25534 22194
18091 20072
3442 7159
5260 5522
4023 5036
4790 5072
5221 4163
4205 4026
4898 4801
4212 3543
4797 5155
4646 2752
5063 5389
5108 4627
5143 5100
20156 22531
21389 23773
22022 18152
21170 18998
14828 16471
17707 15571
12275 18057
7938 8705
8359 6908
7660 5341
5323 4852
4659 5145
5081 4688
5267 4339
3824 3710
4681 4889
3115 3203
4317 5971
4144 2442
14809 20461
23639 19416
20647 17717
10587 22055
25053 20338
5117 21139
5285 4964
3514 4071
5375 4917
3361 3882
5705 4317
4172 4357
4409 4451
4795 5080
4959 4540
4603 4335
4952 4017
4231 4139
4520 5025
16856 25218
25138 20121
18565 16918
10193 26898
28180 18124
12593 24945
9072 5813
8267 5696
9205 5768
6437 5747
8051 4739
8378 5395
6044 5269
6972 5098
7396 6276
6231 4732
5680 5730
6635 5193
5806 4370
5459 5608
6027 6255
5318 6161
5275 5035
5485 5274
4789 5213
5822 5435
6254 5934
4133 5422
6081 3683
6169 4933
5671 5200
3273 4213
5884 4646
6018 4389
4069 3969
5492 4003
5108 4218
4649 4230
25506 23035
23686 23277
16684 15114
18681 18010
16525 15577
16231 18584
10173 11705
7755 6156
6765 6093
5504 3615
5324 4295
3517 3417
5389 3815
5204 3863
3441 3666
4778 3788
5041 3740
5223 4548
4931 4172
5649 4517
4519 4499
5388 5388
4602 4852
3950 5444
5344 5328
5267 4851
3234 2489
5334 4726
22274 20749
22300 21194
19018 18203
20682 23843
17465 16097
14423 14097
13454 20455
8085 6905
7018 6035
5017 5007
20039 22728
24143 20662
20723 16398
20329 22529
25769 21083
6614 18161
7012 4397
6814 5890
7598 6243
21789 19313
25524 23594
11849 16589
18081 22044
16712 17140
14949 15328
11963 14903
7088 8410
8378 6551
11068 7877
19893 20140
19599 17276
18052 13178
24083 25974
24311 20458
7551 16867
3413 4454
4951 4607
5390 3980
4032 4187
4520 4869
4824 4410
3991 5053
4716 4833
4694 5220
3989 4428
4335 3805
4454 5267
13379 15257
25063 22191
21578 21335
18921 18326
16445 17156
17428 14560
15427 20184
7785 8025
8832 7412
4108 7263
6561 4879
4056 4697
5309 4358
3478 4472
4617 4556
4781 4055
3925 4158
4235 4505
4783 3847
10822 6945
20283 20435
15617 17430
19127 12214
24023 19487
14702 22172
6740 4723
4450 4801
4970 4588
4376 4683
5123 4003
5512 3882
2379 2676
5388 3977
2609 4571
5262 3924
2909 3873
4115 4827
5061 3054
13071 23775
24594 16949
22555 21852
23970 14613
25781 26890
14060 24440
8520 7509
8325 7679
7316 7626
7623 6739
7550 5536
4842 2493
2264 3207
2431 1329
781 1741
978 527
739 442
569 426
579 312
3032 8679
12660 12717
9978 7680
8203 7291
6614 8360
7502 8648
7519 7593
7497 8306
6573 7423
7817 5990
8539 6274
4306 9739
10069 10137
5421 6662
6774 6023
7888 7004
8802 7591
7113 5703
6817 6920
18556 24754
26016 21831
19802 21020
12579 29721
27806 21262
1265 20596
6305 5722
7711 5631
7394 4998
6057 5402
5790 4529
5858 5280
5319 4336
4917 4352
5507 3975
5843 4402
4978 4243
3476 2726
5164 4494
12774 8375
11697 13784
11958 10270
9070 7318
11172 8676
8862 7609
9467 6373
8550 6207
8402 6129
8045 5206
6591 6322
8821 8632
6979 5970
7673 9972
7006 5503
6722 5542
7275 5451
6825 5044
5786 5128
15546 17096
20881 13098
17169 16083
9323 24202
24101 14088
6531 20557
5100 3980
5530 3947
4482 3805
3831 5564
14017 9400
9140 13032
11993 9182
10221 7469
10563 8762
8375 6568
9892 6835
8979 6618
9722 6217
17644 12288
11694 11260
10461 8435
10656 6802
10107 9761
10208 8577
9618 9176
8751 7876
8542 7142
7208 6043
5945 5622
4954 4559
4328 4323
4955 4673
5235 4747
5547 5241
5906 3819
2856 1855
2300 2052
26074 21809
24806 22651
23922 15997
29463 29549
32258 25004
11736 20699
8250 5865
8165 5713
6344 6041
6968 8270
12292 10240
9031 7937
6779 5661
6624 5790
6301 4534
5023 6197
5537 5012
5663 4337
3903 3859
6256 10058
8931 5644
8459 8673
9639 8172
6017 8220
6721 8199
6350 7997
6347 7475
6615 7444
5167 6954
9569 7131
10556 10232
7280 7185
4769 5427
7025 8958
5242 5837
5307 7045
5324 4855
10906 2899
23153 18775
21280 25087
20750 11160
23255 19725
20924 26395
11073 10308
8311 5985
8271 7808
6889 7263
7917 6253
4945 6274
3817 4300
2745 1545
958 1746
1397 937
913 1038
1012 830
670 807
2665 1966
11976 8695
9585 11470
6783 8306
8155 7636
7384 7810
7170 7512
6776 7736
7427 7499
7026 5573
8626 6221
5594 10282
10726 9517
7103 10462
7348 7217
7796 6593
7932 6797
7773 7460
7259 7424
16206 14077
19674 15302
22867 21961
15286 12563
28650 22468
13913 22770
7636 4870
7506 6193
7509 5868
7917 5562
7397 5835
5828 5314
5990 5293
6829 5542
5682 4406
4835 4374
6082 3750
4271 5038
1408 2893
13680 8527
11192 11936
11294 8329
8013 9873
9990 8904
10933 6194
9765 6378
8278 7019
8891 6772
6517 5251
5389 4845
6644 8955
8793 4802
6803 9946
7511 5590
6053 5066
6761 5689
6877 5399
7117 5310
12038 23815
19548 17895
20166 18996
8695 22669
26707 19964
7280 17823
7147 4488
5348 4170
4936 4035
3982 4657
11463 14112
18409 17138
17810 12049
11275 13077
9660 11616
9886 7777
9219 7482
10177 8134
7323 6693
11052 8805
12348 10620
10847 14405
10059 8366
8058 9109
6695 8245
7224 7675
6980 8236
7958 7886
7208 7920
8181 9961
12623 9171
11470 9695
9041 7810
8557 7452
7303 7394
5632 5324
4366 4499
4923 4722
18478 18498
29003 27950
25285 20147
11483 27612
30415 21915
10550 22185
10742 10015
9392 10643
8967 8170
7304 8224
7033 8823
7262 6313
6015 5553
6225 4867
6019 5171
4560 4277
5562 4746
6044 4212
5879 3851
13470 12712
11032 11886
7729 8738
8210 7369
9118 7421
8581 11798
7309 6776
8617 7751
6793 8439
7263 6833
7301 9130
7425 5056
5028 6599
5321 6635
5603 4618
5551 5164
5482 4878
5117 4845
6078 3605
27843 29880
22104 22469
27656 14395
20704 25804
28211 22874
7466 22104
6760 6094
8651 6075
7835 5888
7375 6456
5085 5621
4404 3907
3254 1505
1666 1910
1630 987
1027 683
1066 716
820 756
3102 827
12049 7664
9414 11346
7974 7555
8860 7995
8052 7673
8125 6824
6985 7075
7225 6408
6568 5396
7727 4915
4929 9982
10193 9182
6029 10387
6881 6003
7803 6171
8308 7498
7671 7324
7189 7247
18601 6554
24094 24712
18264 19629
18519 9306
31707 29996
25533 20154
6529 8786
9269 6518
7878 5711
8216 5065
6384 4634
5998 4830
6031 4724
5404 4349
5848 4573
6009 4874
5973 4817
3701 4543
3217 2961
14560 9284
12782 14011
12888 9781
8180 10282
10547 8537
7859 6715
9352 5603
8181 6073
8498 6466
7714 5292
4993 4996
6358 7539
8577 5102
7016 9136
8078 5300
6869 5926
8049 5750
6979 6084
6418 4828
14422 15585
20369 15649
17288 16759
13843 18089
21941 23057
10054 23023
8878 3669
6291 4219
4716 4658
3872 4046
10598 10568
14316 12321
16375 11585
11475 11265
12903 10936
10878 6896
9671 8821
10295 8036
9873 7885
12570 9597
12681 13005
8146 5569
8382 7641
6705 7156
7941 8836
6829 6961
7773 5771
6548 5862
6669 6014
9785 9832
14278 8200
14478 8313
11547 8981
9906 8168
7541 6812
6635 7458
5552 6016
4191 3830
22887 17291
27835 24141
23524 20477
11933 29119
32769 26132
14474 21515
9649 9754
6933 7218
9933 10123
7923 6127
8708 8990
6550 6789
6853 7712
5236 5749
6478 5436
4696 4163
5920 4115
5454 4869
3809 3835
14148 9513
13015 12990
10712 12440
12531 11400
14019 11383
10474 10747
10743 7394
7715 7953
7347 8529
7255 6060
5963 6600
6684 6125
6664 5515
6558 5481
6802 5459
6093 5453
5966 5150
6699 6209
8305 10913
19285 22645
22516 16743
24200 27027
5996 25084
25387 19701
11465 29911
8913 9282
8569 8473
9707 10343
10375 11341
12862 8176
10166 5386
5734 5810
7257 3581
5056 4620
5158 4291
5459 5160
4608 4536
8961 11538
8871 9935
6874 6973
4251 6144
3822 4869
4196 4642
2373 3715
2069 2833
1989 2509
6844 4143
9081 9166
10733 7384
6329 4027
4084 3150
4061 3164
4680 3150
3153 3178
3152 3071
2754 1797
8468 10839
17971 24032
23254 23738
15168 15116
24849 25884
25382 19098
7189 12760
9166 7158
9044 8646
8245 11036
12170 12376
13150 7105
6084 7484
6427 3423
3983 5117
4235 4152
2946 3671
3386 2789
2845 2523
10246 5811
9099 6308
9450 5426
8208 5349
6350 4594
3854 3663
4556 3855
3529 3664
3434 3214
5098 5568
8906 7380
10161 10845
11956 8675
9211 9526
10076 8963
9730 7314
8652 7237
7308 8773
8619 6655
15558 8194
32264 25324
20945 22617
21916 11674
24015 24779
20503 20063
6456 5901
4425 4283
4203 3124
4772 3728
5567 3038
7740 5687
6521 7962
8445 5311
4810 5469
6092 7206
7504 7260
6975 8259
5734 6844
7707 7171
11818 6121
12255 12956
10236 9391
8977 8250
7058 9276
9044 9347
9195 9403
8850 6897
8684 9282
7239 8226
3710 4952
4551 4042
2445 3462
2315 1749
1784 2098
1440 1615
1504 1627
1482 1385
12616 24246
25100 16567
25366 24044
26004 15278
27360 25631
14914 25586
9381 8319
9602 8070
8561 7379
7505 7444
7651 7168
5497 2583
2801 3738
2702 1752
1262 2265
1397 1292
1431 1441
1663 1410
1640 1379
2387 2866
2434 2031
1940 1402
1940 1356
1486 1241
1525 1071
1124 1157
1348 1215
1175 1375
1328 1364
1452 1517
1610 1250
1194 1150
989 1037
960 1029
916 993
1080 1137
1272 1223
1035 1072
14027 20702
23998 17825
22132 17837
7236 26664
28363 20651
8156 25776
5250 7682
7025 7984
9230 7493
9194 8135
7241 6064
5886 6217
6995 6623
5767 6039
6632 5793
7134 5209
5809 5671
7210 6084
6698 5177
4618 5468
3938 3819
5163 6736
4664 4825
4122 5511
3773 3483
3169 6128
4076 4641
4853 5728
5440 4750
4865 5656
4990 5268
5086 5507
4229 5165
3996 4928
4687 5043
5144 5041
4540 5091
4316 5211
22438 19630
21511 21883
16189 17780
17305 18447
14159 14195
14569 18763
10044 12781
9131 8468
6450 5381
4936 4487
4354 5072
4321 5002
4063 5063
3658 3859
3622 5193
3814 5656
3945 5177
4159 3664
4097 5429
9605 8279
11388 8679
10985 8410
11008 8164
11651 9002
7186 5318
6737 5496
7226 7543
7511 7654
27424 19572
28027 28154
19849 16319
17471 19815
19908 19617
19855 19324
18126 19999
8696 8102
8848 7983
5480 5871
18793 20157
30929 25775
26726 22826
26162 22942
26170 26161
11505 21718
13326 10560
12114 8633
11170 9581
26883 19001
32769 29066
16817 20728
23052 20119
23329 14843
20477 18512
15894 14966
11023 8976
9460 7370
14808 9396
19396 18931
14843 22641
17380 13576
26678 26351
25936 19772
6551 16968
5197 5497
6105 4465
4646 4603
10405 13037
9764 8374
7055 7625
7278 8556
6004 6268
6553 8542
5864 6077
5488 5770
5407 8204
15265 10370
26660 25697
20429 25267
21228 19641
16263 16305
16340 14770
17366 19697
10296 9050
8176 6733
7255 6436
12268 11744
14174 13354
12394 6501
6624 6572
7514 6624
7520 6071
5744 6765
4725 5616
5747 4537
11883 10980
32512 26547
20612 23920
21652 12868
31952 25910
18964 25617
11859 8359
10297 9545
9975 9036
8151 9232
7301 7685
6833 9014
5828 7381
6126 3542
5244 4839
4500 5452
5763 4956
4810 5355
4605 3726
13741 18441
22016 18242
19229 17007
17507 17277
29007 23585
12649 20771
9080 6116
7822 6498
10171 7809
8837 5548
8361 8532
8197 5599
7542 5068
7262 6081
5795 4933
6601 5137
6386 6719
5325 4908
5514 5080
5755 5712
5126 5537
5250 5704
5739 5612
5618 4947
5801 5219
6274 5142
5830 4214
6249 6274
5444 6222
3516 4166
5095 5620
5426 5050
3883 5201
5287 4240
4749 4865
4743 4584
4658 4553
5051 5036
19756 19651
22544 22825
14364 19442
19887 19021
19293 16354
14685 17497
11738 15456
6037 6772
7645 6473
4369 4229
5527 6040
4980 4691
5279 4114
5080 3519
5165 3802
4766 3833
4697 4415
4816 4401
5985 4382
9427 10066
8589 9328
10817 8079
8305 8649
9707 5417
6393 4403
8294 5578
7670 7238
5360 6446
17847 17147
21108 30757
29010 22451
22443 15941
17366 19370
20323 17552
14435 14986
10796 8066
8154 7359
6577 6903
17352 27904
25800 25112
19980 27806
11891 28203
26357 15962
10617 26259
9550 7521
11014 7906
9480 6794
21742 21878
27676 31057
24242 16340
16741 17174
23332 14943
19027 19503
18624 19224
10614 9373
6840 7974
8142 9124
16879 25487
27532 23030
18393 18300
13143 23572
26916 17113
5328 21770
4249 5318
5975 4422
4885 5437
5710 8052
8086 9945
9771 9133
7894 5182
5143 5691
5096 6371
4629 5215
5090 4607
6635 5001
5569 3777
22240 24192
20826 16543
15651 16630
20974 17675
15943 14504
17679 15953
11353 9779
8710 5980
7440 6842
5106 4687
5557 5202
4280 2876
4955 4811
5166 3593
5062 3792
4920 4635
5355 3688
4407 5010
12288 5631
32769 25209
27661 21114
26821 13141
29066 25447
27141 22847
5908 19320
6655 5994
6689 6039
8406 5982
7107 5606
5534 5420
5951 5561
3959 5482
4546 4859
5188 3483
4055 4483
5403 3688
4293 5110
12810 4444
27196 21091
17499 21629
18702 12362
25533 23694
25853 21101
7109 9163
7274 6954
8158 6527
8316 6846
7811 6698
7095 6108
7184 5172
6485 5792
6559 5134
4870 4450
6995 5542
6488 4789
6270 5219
4620 4668
5887 4909
6185 3826
3898 3665
5391 4317
5612 4199
6283 3674
4128 3555
5367 4096
5637 4033
4795 3904
4724 4041
5145 4590
5266 4665
5494 4499
5184 4127
5280 3983
5166 4919
4615 5239
22404 18414
21112 22883
23527 13711
21689 18055
19765 16496
17385 14260
14339 15068
6631 6934
7275 7932
5344 6488
5107 3735
4141 5404
4820 3922
4932 4310
5038 3606
3709 3556
5589 3687
5423 3830
5346 4058
8561 7905
9161 8251
9929 8637
8631 6119
9478 6937
8082 4710
7254 5979
8772 7567
5110 6338
10768 6975
19748 24253
28781 18375
19970 18378
24906 22975
20820 15809
14625 13099
9060 6924
7163 6881
6797 6401
19176 29370
23089 25994
23383 23283
13813 27515
29239 17800
10003 24908
11226 7309
9413 9185
8982 6974
13660 9862
24500 29664
19373 17400
23494 18441
24121 20139
20442 21214
14572 16827
10416 10046
9535 6860
6185 9065
15191 20424
22089 15937
19612 17340
8146 25037
23444 13621
2615 21546
5047 5236
3742 3920
4288 4528
13935 6025
13869 16571
9790 9283
8043 8217
8548 7894
7626 7810
6448 9209
6044 9405
6195 8456
6846 7304
20260 21140
24603 21385
16135 12981
24601 19721
15324 14628
17649 17631
9135 9064
6610 5898
9945 9738
6432 6014
8535 9669
9046 8458
6602 5294
7237 6559
5814 7005
7166 6339
6042 4101
5934 5571
5161 5535
19435 31228
24690 22740
26414 20343
17229 23105
26499 21917
10424 21525
9414 9706
7376 8425
9029 8409
6652 8980
6987 7821
5684 6562
4773 6227
4514 3967
4289 6563
3650 4809
5405 5542
5264 4673
4391 5472
27563 22403
25459 23548
20918 19014
25636 29807
30501 27328
12064 22923
6713 9952
5337 9606
9800 8561
7313 7812
6357 7193
8240 5587
5896 5584
4960 4818
6926 6840
6064 5638
6991 5202
5388 4385
5917 4670
11204 12454
8355 9305
7741 8819
6811 8292
8326 6567
7292 7988
6977 6254
6475 5541
6483 6585
4777 5525
5935 4488
6094 4782
4361 3513
5269 3640
5519 3917
4047 3746
5572 4264
4920 4176
24133 10092
32769 22806
19826 24552
23664 19276
20627 24501
16610 19562
14621 22141
9206 9688
11613 8034
5759 8577
6528 7230
6250 7988
5051 4631
5373 5117
4694 5737
5181 3606
4346 4414
4475 5125
5173 3802
8487 5426
9150 11978
7527 8891
8809 6667
6700 9343
6771 6677
5593 6236
5269 7684
3606 5593
5165 5266
25095 22900
26139 22496
16770 18235
18806 18089
15838 14173
17419 16287
10611 10335
7843 7274
5754 7500
17202 20758
24879 24487
23904 21263
18848 14691
24585 29553
13219 24201
7289 8735
7652 9292
5795 10053
7147 8686
23041 24376
30503 23126
19377 21542
22639 16183
13269 16662
18467 15692
14800 9890
7958 6964
9940 7788
22852 22390
24013 22683
23902 17846
12681 19955
25619 30138
8450 24550
7362 6915
6269 8039
5678 7603
4655 7149
16423 18361
12387 10656
10622 7856
9355 6648
10840 5832
10680 9825
9923 7208
10231 7942
7944 8713
18951 24646
32769 28900
18230 21465
22287 19029
20486 19962
15153 16544
19741 17510
6342 8168
5905 6518
5846 4834
4885 5864
5695 4405
3197 4646
4363 5128
5827 3692
4128 3351
5154 3906
3941 2781
5281 4675
15023 26189
21354 17912
26172 17399
11057 25504
29214 9873
7847 20708
9145 5261
8966 6611
5568 6532
7016 7085
6100 6206
5064 5677
4107 5374
5761 5583
4683 3296
5609 5088
2573 3550
4772 5082
3283 2677
7358 5204
12686 11421
11098 14068
13389 9705
10293 12662
14260 9792
7444 14940
10721 6758
11032 12432
11005 9727
8766 12488
11718 9385
12916 15402
7377 6704
12658 11568
6314 6844
10574 8897
5898 6438
3556 4552
4046 5092
10554 10365
9717 8747
7466 5824
8458 9145
9832 8170
7907 7711
10537 9457
7157 7748
11070 8593
4825 8731
6035 9437
11528 8791
15158 17017
6074 10771
13082 8793
8186 18202
10689 14332
9097 7481
10767 16725
13821 5910
7275 15813
9529 4734
6410 12489
9753 9132
5310 12330
6209 5606
6353 7456
6067 6765
7382 7592
7076 9437
5607 10004
11450 7650
2281 8994
7790 8594
5337 6889
6958 9221
7109 3119
5919 8150
4283 6291
13074 8308
12118 17717
9026 13916
11921 13333
8329 13187
11828 17384
12897 9268
9611 14860
11573 8036
7952 14585
10057 13455
9518 7841
9501 12760
9262 4344
3756 8454
7536 4516
6038 5034
6700 4858
5008 12440
6902 7743
9725 11857
4566 7673
6866 5601
5041 5336
6221 7437
6294 4011
7091 7080
8377 7212
6118 7775
11064 11164
5778 11039
9992 11026
10182 13589
13726 8445
6694 14427
12890 13150
10845 9227
5938 12628
10754 11765
7653 8554
10972 10538
10303 5942
2103 7976
5739 5169
3648 5290
5132 6836
6930 6259
6823 2409
4121 7550
9813 8312
10807 5515
11123 8841
12579 5817
4285 8647
12884 10386
7578 5617
10763 16803
18520 16939
8759 19478
13363 15597
13727 13644
14049 16335
12708 17555
14858 16131
13260 10791
14202 16598
10417 14584
13043 14853
12633 7241
11303 12691
6949 12352
10701 9738
8109 8025
4555 6008
4338 9176
11992 13745
14960 12603
12922 14264
11085 15726
15627 15459
13454 17056
14634 9728
15854 17078
9858 16340
13743 14528
11398 12688
13147 14372
10775 12886
12775 12866
12335 11353
9024 9118
3340 7429
5325 1267
8902 8561
13409 20118
19146 18602
15046 13485
14461 18222
15183 20339
14346 18503
15219 16538
16384 16708
13714 13592
13228 11808
13942 13133
11769 14000
13798 13511
12769 11971
11782 8591
7927 9024
5265 5990
6460 982
9161 9734
10279 10973
11138 7291
7942 9026
9616 7585
11088 10574
11012 9811
10394 9773
10781 9851
11667 7294
11795 14143
9796 9179
12494 11863
10239 12290
10792 13072
11534 9944
12025 9627
11980 10806
10794 10141
11831 7973
10579 9027
9845 9252
9964 10451
11950 10216
9836 8401
5554 6599
5727 5204
6239 4837
7225 4367
9396 10126
6318 6317
7597 7847
7974 6359
8608 8642
8862 7992
8231 7658
8773 7271
8672 6122
11708 18397
11140 13201
10252 14282
13324 16444
12753 13337
10251 9538
11758 11126
11124 8867
9758 11114
9805 10022
11877 8237
9518 7611
9787 9743
9495 7571
7986 7783
5524 7125
5048 4044
3102 3909
5913 6700
7102 8437
7427 5733
3894 8828
10550 10801
9695 7794
7826 8247
10025 7106
10140 8310
9206 7988
10921 17930
10963 16112
9688 15655
13267 14915
11906 15357
8369 8984
11039 9372
12117 8754
9607 9375
9793 9772
8219 6701
9107 7415
8859 8008
9360 7634
9195 7573
9489 6373
5503 4068
3455 5690
4080 6547
7672 6325
5202 6724
5704 7216
11311 9426
7550 8027
8130 7414
8991 7841
8119 7831
7552 7212
4983 7788
11818 8492
10471 13916
9168 12581
8502 10867
11056 8512
9155 9587
9418 10496
10286 9692
10362 9883
8394 13085
9335 11923
7879 10597
7774 10009
8844 10123
7340 6242
6376 5026
4300 4117
4161 4762
4262 7524
6108 9878
8830 11736
12745 10337
9802 12476
8819 10615
8902 10187
10397 9117
10706 12717
9548 10756
8388 10438
8393 15112
8415 10599
6387 9346
9081 7636
7643 7812
3866 4732
4027 5346
15850 27698
24329 23168
22403 25602
22222 19529
24652 26930
12233 25153
12760 13624
11329 13433
13139 8558
7904 9215
10975 9213
8695 11653
9712 9255
7147 7710
7351 6659
5751 7542
7464 8123
5746 4434
5044 4755
10576 8399
13924 11446
12155 10053
9602 11374
9105 9351
7307 8533
5326 4966
5582 4825
3407 5144
5057 4941
5369 4513
4915 5722
3812 5102
4877 4511
5619 5347
5457 4619
4469 4922
4737 4184
4189 4990
22973 22473
22845 21677
14954 16919
25236 22483
17737 16463
17344 14037
11459 14626
9514 10357
8716 10928
6442 7311
5881 7422
4049 4270
4968 8516
4194 6888
4921 5406
5746 4165
5168 5941
6758 4494
6052 4528
10522 13133
14873 11518
13092 10406
9881 13047
9351 7956
7893 7605
5768 5048
4715 5585
4618 4579
16584 22108
24660 21568
19394 21845
20729 17038
17202 17577
13985 12742
14728 13562
7973 7439
8872 7075
6834 7903
14621 22492
20289 21622
19693 19249
11688 25922
24716 19766
7406 24034
10146 9465
6900 10839
9820 10136
23403 21119
24941 20071
23910 16866
21249 18516
18149 17148
17819 13629
16614 17226
11282 9034
5636 5811
7460 5063
15017 20178
23032 20201
21395 19502
16348 24399
25760 17500
5050 22524
5522 5341
5112 5158
5253 5123
5035 4009
5103 5086
4612 4075
4723 5320
3447 3438
4543 5769
4633 2461
4712 4779
4817 4283
5446 4670
25460 19447
24552 20538
16418 21064
21888 20238
20009 16561
16341 16484
9371 10176
8345 8874
7058 9314
8236 9144
8024 7478
6498 5902
6040 5370
5701 7347
4162 4256
4929 5473
2604 3971
4492 5400
18311 9971
25299 21861
18450 21649
22506 12615
20251 24011
23734 21611
4495 17017
4976 4676
3705 3716
5832 4410
2712 2384
5311 5352
4691 4586
4808 4221
4894 4679
4844 4527
4965 4191
4971 4721
3976 3952
17299 8597
24287 21369
18035 19854
20952 17145
26825 31012
19284 24456
6236 11228
9174 6386
10242 9708
7086 8999
8745 7229
7597 7256
6227 6807
8141 4921
7337 6662
5718 4933
6040 6679
7063 5399
6059 6758
10407 8130
12219 10010
9765 10971
13146 11873
11254 12504
8052 7601
5686 4930
5818 5209
4528 5045
5550 3475
5665 5472
5602 4733
3475 3978
5590 5276
5165 4724
3936 4376
5904 5129
5375 4167
4767 4346
19509 16646
22941 18225
17484 19161
22270 20547
17430 18465
15915 15759
18713 20354
6716 8947
8459 13031
7015 8660
7737 9203
5145 8321
7820 7569
5871 6344
4292 6047
5312 5326
5220 3706
4680 4081
4576 5245
9343 8353
12645 9760
11983 10117
10913 11241
7658 8844
7926 8495
5009 4838
4092 2400
5041 4129
9726 5958
23267 20922
27673 25198
16145 16937
20204 20178
15891 18603
17411 18902
10152 8569
5638 6339
7152 7639
15341 25723
25530 23161
21102 20310
10483 25259
22973 23004
7441 24687
8927 5495
7016 8508
8694 11863
13958 7733
23671 22535
20317 21398
19367 15880
20469 17559
19276 16957
15651 17368
8458 9959
6260 6731
5647 7729
16159 24577
23085 21272
18818 17945
14206 24207
29912 17198
3758 19684
4909 5361
5436 3606
5026 5882
4739 5427
4156 4550
4630 4599
4684 4874
4941 4393
4358 4397
5912 4308
3987 3935
4585 4876
5682 4811
23558 20304
24146 23017
14452 12834
22319 20881
17136 17045
16510 15573
11629 14880
7643 10048
8125 10554
5359 5358
6241 7581
6584 4632
6132 5218
4959 5603
5394 6431
3861 5890
6061 4556
4803 5167
3366 4774
15512 19185
21033 20107
18821 18330
18788 25360
24913 20547
4839 20687
4952 5036
5284 3918
2531 4344
4849 5029
3023 5206
3743 5715
2920 2663
4626 5263
4579 3003
4003 4593
5102 4659
4130 4239
5050 4705
21984 22037
22173 18254
21655 19293
22132 25877
26413 21340
10212 21489
7723 7627
9876 11067
8426 8893
9028 8237
6669 7962
6869 7443
6890 7610
7189 7398
4842 5459
5240 4884
5934 4747
6226 4710
8658 7670
14714 10420
9996 10050
11663 11945
10497 11427
7608 7653
7472 4292
5274 6088
4179 5194
5017 4586
5760 4936
5276 4854
5085 4536
5438 4865
4947 4035
4714 5375
4855 5300
5156 4499
5202 4633
15055 15735
21161 18602
15325 16795
18396 19991
18803 21038
19332 15282
13818 17013
8387 9876
8865 7645
6604 7459
7312 6080
6542 4540
6890 5516
3391 5644
7301 5689
4974 4766
5372 5897
4055 5533
4390 5784
9200 9521
12985 11308
11657 11526
9972 9846
12613 10625
7092 7494
5371 4905
4937 5184
4561 5067
4938 5369
22367 21216
19314 19798
21541 21822
22470 19321
16039 13663
14665 17878
9414 8503
8813 6202
7297 8528
11311 22425
21647 22497
17798 19396
15691 15621
24484 25860
11894 21577
8280 7083
6666 9113
7049 9671
9312 10114
26207 26016
25391 24930
17462 15460
22945 16220
18463 14466
15754 14232
10337 11070
8589 7493
5216 4564
16268 21872
25570 20525
18217 20480
11758 20112
21827 22625
10728 20630
5543 5452
5092 5205
4807 4836
5217 4891
4783 4957
4675 4651
4828 5137
5190 4397
4602 4118
5087 4499
4615 5392
4845 3541
4848 5827
23143 19972
22050 24055
16255 17343
25844 19957
16490 16172
19217 18028
15509 16707
8931 8411
6729 8740
10875 8641
5645 7482
7823 7383
4216 6226
6118 5513
5647 5348
5158 4836
5216 3579
4393 3910
4672 4074
18196 27449
26542 20552
22287 20906
13325 23852
27293 15466
4821 21248
5165 4309
4407 5045
4870 4251
4603 5098
5022 4219
3637 4969
5410 4678
3601 3412
5250 5039
4938 4948
5081 4576
5142 5299
4398 4894
17413 17970
22852 20715
19542 17502
8937 29067
24551 17403
7676 25637
5167 7694
8060 7563
6995 10422
6505 5536
5609 6978
6230 6282
5206 3972
4964 6649
5033 5963
4678 4765
4710 5512
4609 5214
4643 4761
12161 11388
12602 9281
9019 10680
12052 11014
10170 7941
6719 6084
5222 5801
4699 5518
4657 5153
5039 4643
5445 4287
3843 2286
5173 4364
4892 4189
4504 3819
4449 3897
4869 4036
4749 3823
4859 4695
26432 21763
23848 20853
14955 17505
19854 20763
14746 14431
16852 17731
12926 12323
7670 9354
7597 10148
7528 8874
4019 7547
5646 7885
5127 6564
4892 6740
4733 5150
5527 5919
4828 5012
4421 4645
9691 6987
12873 12339
10893 9717
11964 12670
12206 9512
8389 8054
5374 6118
4049 4320
5198 5398
4099 4558
22889 19714
23574 22301
16002 18115
22709 19496
17234 17011
16339 13477
9736 19499
8130 7628
7172 6471
16637 8822
23890 20890
16875 24820
15974 11211
23674 23554
22660 22550
6883 14104
6867 8390
7058 7448
7476 8796
23929 20201
24895 18368
15412 15801
21205 19806
19791 15114
17911 18476
9750 17158
8653 6501
9066 7501
15434 12173
20610 21522
19261 21560
20871 14214
26867 25294
14153 23747
4298 5875
4553 4923
5551 5378
5227 6207
3928 5170
5741 5891
4096 4402
5777 3755
3910 5091
5371 4810
2790 4963
4151 5480
2942 3022
22968 20130
21587 23993
21601 18995
20899 18526
18077 16956
17641 16391
15793 15462
7364 10064
9005 8701
7337 5357
5370 6375
5053 6820
5265 6869
5457 4482
6439 6080
4501 4173
5402 5002
3753 5937
4799 3897
16595 22778
23124 22369
20818 18099
12399 23028
23743 22897
7591 21724
4914 3554
4296 4678
4241 5047
4994 4254
4943 4908
4445 4292
4815 4283
3879 5670
4923 3495
4898 5095
3256 5993
4732 4694
3773 4989
5834 5197
5668 7486
5096 6032
4716 6473
5655 5184
5088 6225
4553 6319
4029 5942
3709 5203
3970 5959
1532 2395
877 978
457 394
222 312
261 273
283 267
222 186
177 216
146 112
118 133
138 137
117 132
103 85
110 107
83 82
107 98
84 73
93 77
69 64
77 66
51 57
53 59
59 77
46 55
51 47
51 58
50 63
70 110
5651 6466
5703 7980
6377 6866
5686 5992
6483 5648
4365 6120
4156 5438
3574 6142
4330 5996
4149 5982
1091 1790
845 1012
350 293
207 308
200 204
205 136
77 151
124 78
40 33
46 53
25 29
23 14
41 16
24 17
21 30
15 21
13 12
9 12
12 8
8 7
4 7
9 5
8 4
5 5
5 4
4 4
5 3
1928 573
7413 7414
5897 7469
6419 6775
5964 6649
4788 6400
5159 7236
5039 5573
4964 5302
4246 5657
4869 4000
2551 3934
2646 3151
2041 1931
1691 2209
1851 2209
1669 1975
1516 1687
1250 1124
1244 1191
618 717
172 154
429 436
566 336
332 313
290 332
255 226
157 88
79 58
4147 4165
2300 3559
2019 2468
1656 1577
1748 1864
1550 2071
1504 2107
1532 1882
1391 1566
4924 6454
7907 6450
5859 8725
5234 7158
7733 5835
4267 7562
5124 6106
4805 7281
4351 5901
4295 6307
3107 3128
992 947
721 983
569 444
361 329
308 278
429 137
124 192
55 98
2848 3928
3693 3959
2064 2549
1714 1467
1596 1891
1454 2005
1705 1953
1422 1562
1426 1308
1285 1333
968 1107
165 102
403 352
530 439
425 315
254 299
247 198
140 87
34 58
5262 7809
6166 5004
6941 8064
6547 8291
6352 9354
7327 7071
7530 7476
6627 5346
6733 6087
4554 5468
3223 4168
726 991
733 582
311 259
341 112
251 113
218 221
179 161
116 124
40 93
39 69
44 40
35 30
49 27
47 13
34 25
44 10
24 25
12 20
8 16
1 26
8 14
8 2
10 1
11 1
8 3
3 4
11 10
5425 7800
5610 7615
7220 9343
6933 7467
7007 10101
8127 7260
7120 6713
6291 5975
6525 5534
4147 4869
3006 3870
798 962
513 521
318 302
341 121
188 215
205 114
187 167
38 140
3682 3995
5202 6343
5956 6239
5473 5079
4219 4706
4672 4395
4100 4002
3810 3903
3585 3965
4110 4474
4340 5323
2576 2838
2017 2605
1629 1583
2102 1770
1984 2217
1505 2185
1772 2324
1735 2081
6464 10522
7436 8806
7825 10221
8686 8346
5954 8196
7062 6488
6755 7101
6130 6085
7648 5196
4680 5281
1230 1607
795 1046
668 596
420 386
734 330
303 447
292 343
316 364
175 350
3288 3734
2216 2501
2243 2717
1692 1542
1685 1784
1577 1864
1486 2065
1526 1745
1452 1645
1246 1343
272 295
146 146
388 364
558 475
480 291
367 308
290 343
288 235
1722 626
7080 7050
7891 8300
8546 9906
7181 9102
8259 7221
8104 7294
7120 8077
6312 7520
6241 6845
4082 3791
1088 1135
702 856
371 453
542 398
540 355
493 448
442 394
422 377
125 280
235 130
155 116
91 51
85 58
73 37
45 23
44 9
44 9
9 24
11 8
1 24
3 21
9 1
6 2
12 1
10 1
4 3
2 4
217 171
464 518
3147 2997
6166 5030
7090 6606
7786 9987
9267 11155
9573 11313
9249 9398
8233 7049
4879 4884
2928 2554
2135 2353
2314 2791
2296 2628
1975 2064
1366 1262
1056 994
1186 965
1114 1017
817 779
557 541
559 440
433 352
324 326
301 310
304 285
300 306
222 239
181 175
160 167
147 151
118 124
88 94
60 83
55 63
48 48
39 27
273 150
889 923
3501 4102
7511 6281
7954 7611
8041 9685
9353 11342
9393 10781
9525 8443
8155 7239
4611 5037
2380 2330
2108 2456
2464 2813
2390 2742
1528 2097
1211 1017
1035 959
1225 1115
1023 1040
725 715
536 489
461 412
451 355
325 324
268 302
259 273
282 306
209 230
177 172
157 169
149 155
124 128
82 86
60 76
52 62
45 44
29 24
3703 4121
2809 4116
4857 3951
7164 5888
7545 6722
7834 9573
7512 9217
7240 8518
7365 6837
7359 6759
7399 5536
4307 3749
2922 3762
3083 3715
3654 2847
2859 2642
2186 1635
2449 2020
2801 2543
2563 2587
2213 1987
1359 1226
1156 1283
1021 1048
666 778
719 513
525 581
354 475
2202 3672
3768 3966
2082 2704
1891 1920
1659 1618
1690 1856
1947 2164
2655 2134
2912 2277
2960 2458
4640 5321
2782 2975
5174 4735
8741 7473
7819 9733
8627 10087
10447 11430
9313 9823
8298 7492
6963 6260
4111 3518
2857 2813
2480 3717
2911 2882
1892 2770
1732 1808
925 1026
1250 996
1142 994
3313 4509
2283 2856
2136 2110
1667 1700
1774 1356
1910 1307
1781 1403
1668 1761
1726 1852
1686 1841
1677 1557
1308 1179
1016 1003
796 924
691 809
527 506
448 413
270 248
155 171
816 647
3670 3690
5545 6617
7390 8639
8189 9677
6842 9335
7911 9489
7084 8419
6113 6768
5892 6127
4847 4231
3686 3263
2510 3127
2635 2268
2116 2533
1851 2286
1406 1638
860 1154
907 870
1106 929
1019 830
792 761
629 519
573 470
517 414
389 326
271 232
188 172
195 181
219 230
225 232
150 147
117 123
122 130
109 118
89 99
74 85
239 347
1120 1360
3942 4564
6715 7138
7365 8833
8069 9217
6937 9650
7801 9522
6501 7305
6161 6216
4734 5378
4825 4174
3772 3195
2414 2605
2735 2553
2138 2608
1807 2018
1413 1309
853 995
3306 3543
5341 6521
6049 5976
5609 5439
4702 5341
4876 4777
5509 4570
4494 4228
4563 4419
4593 4495
4709 5323
3139 3828
2329 3462
2271 2159
2076 2126
2153 2162
2265 2633
3129 2954
3585 2613
5132 5942
5047 5143
4758 5229
6015 6220
7347 8681
7792 8640
7637 8582
8238 9614
7321 8204
7066 7817
6262 6739
5207 4095
3842 3691
2878 2905
1977 2156
2146 2308
1692 2029
958 1358
1029 1171
3623 3945
4147 4402
2788 3268
2045 1991
1493 1604
1497 1414
1727 1153
1738 1768
2083 2522
2489 2928
2187 2518
1251 1309
805 823
613 645
589 392
299 371
366 341
247 279
269 185
3067 3899
3606 3748
2320 2703
2172 2322
1881 1629
1759 2100
2078 2222
2560 2382
3136 2661
3292 2869
2784 2829
1954 1898
1234 1351
1036 1123
898 876
680 645
571 536
408 372
253 359
247 283
169 128
91 110
62 67
81 59
32 36
26 24
14 16
12 15
6 7
5 5
4 3
2 2
2 1
1 1
1 1
1 1
1 1
357 181
12290 20001
27687 21201
19451 17129
12095 26366
31381 19435
10307 29939
7414 6918
7739 7583
7335 6674
6969 7915
7433 7427
5997 6930
9322 5895
6734 5850
8057 6182
6574 6371
6162 6150
6553 8318
7203 6465
11509 11770
12534 9565
11046 13011
12017 13475
10707 11240
9390 6594
7277 5378
6901 6567
6397 7384
8127 6902
6372 9611
6921 6497
5629 5246
5542 5168
5810 5596
5512 5349
5478 6011
6065 5131
5388 5623
26811 25915
26371 23494
16034 21142
24333 22613
16432 19802
19402 18757
13584 9956
10938 8435
8270 6654
6939 5914
6485 7863
7349 6963
4538 5220
5962 6055
6163 5866
6562 5626
4915 4608
7022 6451
6303 8669
11364 13329
15232 12464
10479 15340
14831 14682
10632 11773
9341 8507
9095 11136
8829 7073
7437 7352
27935 24019
24342 24289
16464 15251
21192 18692
17955 16083
16763 15514
10364 15554
10201 7894
10905 8038
14883 7214
21937 22528
19243 19347
20600 13376
28519 23035
22870 28057
10831 14701
8637 10069
7344 7155
8186 7858
23609 19420
21636 27694
14103 17606
21651 16189
14439 17062
16903 22339
12555 19936
8355 7575
9260 9121
14757 12264
21096 19321
21639 19262
17785 14708
26558 26999
18627 25391
7555 8769
6128 9580
8787 7126
5571 6560
7157 9919
12672 9939
8807 11334
10896 13083
8632 10314
7872 9222
7801 9604
6821 5607
5690 5222
21748 18371
22597 24629
22994 16754
17991 21179
15511 17719
16411 14509
17348 19635
7572 7178
8841 8038
7926 6704
8070 8544
7704 7100
7523 7026
8426 8007
7625 10182
7098 7375
8616 9625
6420 6320
7084 7694
17603 17637
20886 24216
23531 22451
14926 24432
31225 27243
15109 24317
11413 10060
6312 9177
7626 7730
7809 9186
7568 8103
7088 5812
6861 5747
5908 5480
4787 5237
5490 5949
3986 4184
6474 5373
4246 5461
15998 21160
24284 18629
22334 20395
11903 24427
31437 19936
7421 28283
7801 12708
10700 9029
8214 7064
11673 6713
8130 7078
7247 6298
8466 5682
7098 5287
6483 6210
6507 4666
5248 6268
6376 6611
7128 6673
13477 9013
11070 11927
13692 13364
14506 12372
12536 11568
9915 7600
6904 7386
6537 6969
7389 5581
7227 6658
8127 7145
6283 5636
5646 7028
6070 4924
5933 5167
4247 4734
5415 5248
4878 5440
4979 5336
27373 22717
24507 23701
17782 23355
21506 28243
16996 13894
19522 15692
14070 10529
12565 7495
8763 10751
7369 6513
8064 8938
6163 5041
6657 6727
5984 6442
5387 5477
6601 5169
6747 6251
6445 5182
6743 5640
15289 12283
12623 9649
11135 9988
12972 16197
10902 9838
9101 10647
6670 6390
7815 9300
7448 6991
24022 27629
24447 23130
23657 17809
18570 20131
18964 15134
16966 18724
12493 13871
8535 7731
7273 6402
5096 4953
19062 23491
20632 21337
22844 20181
26488 24618
26674 24976
10210 18203
6084 12224
10173 8795
5912 7916
27884 18844
25267 23856
20728 16010
23473 20609
22339 17562
15161 14540
14819 20558
8195 8001
8696 10224
15473 7872
25630 21461
21863 26312
21036 14917
27066 22899
24877 22275
8489 20590
7235 7340
7047 6640
7329 6967
6846 7359
10935 10857
11507 10399
12409 11413
10357 13616
9572 12461
11526 10680
6955 8429
6679 6133
15136 11496
25934 19966
17483 17312
24275 16056
15112 19706
15694 14427
14169 15555
9402 6675
7981 7324
6175 7562
8519 6863
10415 9985
7176 7201
6671 8416
7385 8449
7306 7682
6848 6859
8334 7966
5425 5742
17831 14446
23723 20976
19497 22328
19520 17545
31733 27180
21864 22598
9154 8675
6920 8162
7855 7785
6277 7114
7355 7630
5557 5218
6477 6004
6471 4836
4706 4981
5160 6900
5451 5049
5211 6121
4502 5722
13342 13942
18728 21811
18373 18161
18466 16967
28699 21694
15498 22488
8426 7155
9250 9464
7347 9790
7594 7386
8246 6455
6840 6916
8280 7523
6601 6319
5460 5616
7595 6198
7515 6759
8370 6115
5762 5637
11161 11590
11281 13025
11461 12360
13598 15612
10291 10038
9631 10931
8543 7730
7589 7904
8967 6957
8153 5957
7751 7209
9083 7761
6977 6203
5786 5910
5314 5946
6652 5520
5439 6996
4366 6227
4973 5252
22513 20712
26869 24347
14710 23442
21558 26261
15265 15558
20463 20288
16256 13171
10759 8102
7735 7327
5510 6863
6969 6869
6699 8321
5606 5568
7012 6183
5401 7096
6574 5905
5288 4633
5440 6435
5029 6161
11023 13379
12124 13150
11220 10991
11018 13005
10101 11550
8922 9443
6859 7182
6905 8274
5537 6493
14402 18825
24053 23662
19761 17643
20573 20463
18809 17403
18482 16053
15887 15635
9451 10385
8629 7147
6443 6003
12499 20985
19933 20782
21982 20185
10612 22841
27046 18608
12728 28418
10845 10115
7856 9727
9661 10247
26389 20580
27227 28777
21425 15236
20922 17291
19104 18752
17313 15684
16747 17586
9212 9401
9582 7338
8402 7736
17479 25869
29418 23705
17615 20747
19563 26308
24267 20738
6235 22636
8619 9200
6437 9123
7375 7243
6506 7264
9426 11908
9242 12566
11267 10111
10809 11597
10322 8047
7932 8140
6457 6871
6209 6013
6247 5802
21967 22090
23334 21178
17924 19980
16023 17923
16479 13980
14368 17851
13895 12877
7158 7989
6104 6952
8333 7705
7778 8786
8668 8863
8458 10307
7492 7709
8338 8232
7034 8873
7492 7875
5976 6696
14495 8954
19512 21282
15911 25799
22942 14951
29570 25769
32598 23429
8948 15241
6579 6928
7719 10391
5077 6893
7595 7615
8967 8891
5721 7167
5927 6679
6721 5548
5234 5659
5798 6375
5460 4599
6059 6735
17905 6646
20865 23713
19957 19867
17869 11619
30011 24878
16700 32321
8143 11562
7422 7622
7064 6292
5921 10762
11457 9119
6185 6912
5203 9784
7013 6971
6010 7380
6940 6675
5813 6273
6549 6484
5748 5102
10282 8847
14091 12175
10823 12553
13188 12990
13526 11808
12376 10502
6382 6487
5720 8915
8451 6276
7029 8583
6790 6493
5593 6493
5170 5860
4983 7234
4351 4414
5116 5545
5076 5811
4764 4677
5534 5956
24110 24598
22887 23262
18828 19104
23050 25704
19836 15655
19325 17187
16255 15766
9875 10113
8077 10563
5253 6677
6032 8322
8455 7709
6111 6639
4810 5554
5273 6538
5902 5606
6352 6586
6975 6137
6113 5587
10333 12318
12981 10917
10743 9660
10784 13923
13951 9128
9145 9332
7911 8199
5610 5590
6899 5715
6490 7490
24600 24747
23248 17730
16530 21288
17418 19087
14726 15492
17097 14004
9708 9588
9728 6323
7060 6135
19827 15173
21325 18338
17979 20636
14478 24336
30337 23125
8448 26010
7764 10734
8339 7524
9548 7657
15448 9380
26381 27720
18433 22327
16711 17265
17357 17898
14576 14956
14566 18989
10636 9606
7465 9786
8010 8260
13317 23346
25726 20596
22616 19255
11979 26178
25549 15436
12383 22654
7670 12138
7341 6784
7491 6418
7641 6668
7285 11635
11235 11475
12877 11308
12292 15004
11846 13796
12155 13212
6386 7680
6366 5971
7750 8002
23490 18334
19968 23373
16043 19722
19885 18269
16681 13183
15094 19760
11240 11498
8560 7567
10219 9609
6998 5210
8449 8879
7797 7447
7194 6806
6160 9214
8131 11661
7377 6351
7353 9340
9232 6748
7097 7035
15051 19053
23575 22259
23611 19028
18227 26876
29388 24959
7249 23161
7261 9864
7209 7400
5094 7626
5762 6344
7249 6205
5984 6214
5029 5850
4942 4553
6012 6191
4314 5565
5100 5719
4850 6785
5627 6857
9301 10088
11603 9128
10484 10250
13204 11590
13346 11070
13995 10001
12300 9422
13606 7635
15096 7301
13138 6060
5688 5518
6178 5171
5108 3937
3561 4023
4123 4089
3119 3462
4106 3576
3362 4134
6876 4208
4947 4096
3889 3702
3230 4415
3205 3568
3715 3460
3042 3693
3456 3031
2768 2928
2373 2422
2314 2271
1975 2040
2452 2342
2049 2200
2318 2622
2008 2136
1750 1927
1733 1707
1591 1803
5084 4428
3256 3593
3144 3841
4346 3144
3426 3288
3402 3169
3089 3091
2812 2767
2252 2598
2292 2638
2323 2386
2467 2124
2457 2108
1906 1873
1953 1640
1897 2023
1903 1683
1839 1829
1575 1479
5852 5555
2517 2609
1800 2105
2101 1940
1738 1953
1923 2011
1855 1868
1828 2115
1696 1705
1379 1787
1447 1544
1275 1294
1336 1148
1483 1251
1178 1534
1280 1304
1365 1211
1204 1076
1092 1248
11353 7047
10006 9139
11077 8816
7598 8120
9043 8594
8284 7510
7139 7648
8017 7269
9287 5826
7677 5811
5021 5327
5347 5583
4777 4551
5517 4715
4380 4449
3636 4110
2946 3305
2587 2712
1969 3066
3560 5008
2774 2823
2350 3035
3299 3086
2364 2556
2173 2193
1938 2416
2025 2513
2110 2230
1839 2110
1773 1850
1665 1710
1543 1816
1340 1676
1379 1325
1272 1300
1086 1396
940 1032
1085 1236
5836 5917
1723 2111
1976 1920
2075 2233
2016 2089
1925 1771
1651 1805
1865 1686
1643 1600
1612 1578
1417 1528
1313 1437
1426 1337
1291 1370
1156 1218
1266 1152
1282 1267
1157 1142
1057 1155
5206 6890
1967 2086
2079 2099
1977 2019
1919 2098
1954 2071
1871 1991
1808 2031
1722 1553
1751 1722
1521 1739
1711 1751
1640 1787
1402 1449
1430 1493
1342 1350
1509 1558
1493 1536
1156 1155
9653 8275
10266 12204
9947 11226
11520 16868
9549 14574
9814 15137
9378 13821
7950 14123
6631 11303
7845 10571
4467 4803
4664 4097
3127 3482
3343 3381
2979 3264
2951 3087
2762 2917
2660 2751
2103 2536
3942 4410
3445 4411
3731 4253
4310 4052
3986 3965
4229 3949
4146 3894
3385 3602
3044 3262
3192 2855
2778 2914
2747 2970
2773 2605
2517 2343
2273 2110
2048 1989
2131 1939
2019 1825
1727 1830
5524 3630
2349 2019
2165 1998
2308 1891
2112 1917
2034 1913
1386 1853
1553 1881
1372 1667
1497 1566
1461 1512
1464 1512
1542 1488
1290 1308
1403 1194
1264 1130
1236 1096
1290 1145
4244 4541
1927 1521
1715 1645
1567 1731
1629 1640
1429 1596
1361 1491
1359 1390
1162 1127
1102 1090
1332 1265
1282 1307
1194 1224
1154 1097
1062 1081
1193 1153
1170 1097
1024 1036
860 937
8897 9583
9727 12111
10377 11330
10353 7852
9403 10057
8057 8161
7719 6496
7345 8243
8425 7904
8651 5971
6689 5190
5367 4864
5315 5256
4444 5701
5441 4088
4622 4788
3821 5082
3047 4541
2870 2844
6158 3752
2877 3660
2379 3900
3046 3271
2891 2780
2791 3226
2639 3056
2356 2590
2789 2285
2347 2464
1754 2636
1729 2163
2239 1923
2044 2276
1989 2379
1663 2253
1619 1854
1593 1312
1412 1455
4911 3105
2830 2916
3162 2988
3809 3291
3331 2905
2824 2932
3356 3130
3933 3446
3506 2911
3394 2980
2878 2735
2819 2264
2668 2262
2187 2293
1925 2030
1957 1733
2124 1714
2297 2110
1972 1985
1660 1781
1655 1526
1676 1623
1526 1646
1340 1517
1195 1301
1329 1356
1429 1376
1317 1523
1186 1383
1024 1127
1090 1127
1123 1181
1051 1154
953 1085
830 868
923 1010
1048 1093
1101 1060
13602 20492
20874 18350
18310 18145
9278 23953
22474 20017
8611 22728
5311 4867
4893 5747
3871 7102
9962 6305
6784 9593
5217 7672
6283 6345
6812 5616
5046 6003
4632 4965
4674 4556
4615 4399
4286 4852
9615 9406
12608 10842
10072 9996
8224 11674
9246 8432
8369 7376
4998 5172
5713 4724
5582 4860
7393 4146
7916 8488
6455 5177
6242 4770
4726 4290
3683 4273
5221 4739
5142 4748
3988 5575
4369 4602
21850 19730
25062 22141
15177 13093
19243 18501
17033 12666
17766 17148
9450 9593
6382 5735
8957 7153
5655 5195
8027 5984
4175 5670
5812 5155
5267 4537
5111 4786
4100 5458
4179 3951
4817 5386
4726 5279
11271 11747
11445 10551
12075 13007
12319 13270
8881 8242
7935 4977
5327 4949
4823 4882
4355 5911
21614 21280
23387 25999
26436 13011
19570 19246
17622 14366
19272 17796
13674 19038
7673 6985
8327 7600
6761 6033
18770 23647
17056 21332
19610 20223
22001 25195
27856 23204
7155 17019
9255 9685
9776 8000
8155 7804
22909 18238
24767 24762
19113 17204
18990 18433
17963 15552
16361 15123
16341 17809
8285 8305
8192 8146
10395 10465
26179 21288
19499 23918
18944 17676
24755 24379
25096 21909
5615 18272
5138 7210
4620 5439
6045 5620
7076 7369
8053 7872
6515 5738
4580 5251
6203 5271
4992 5753
5403 5342
4404 5082
5785 6107
15415 12660
24001 20572
17099 21127
18180 18122
18393 18072
17238 15627
14969 17738
8106 10031
6088 6936
5289 8573
6972 7606
6600 10011
5741 6893
4564 6480
4510 6366
6099 6497
6092 6027
4465 5630
5344 4115
13257 12564
23556 26388
19849 21858
18245 12318
28301 24631
17059 23656
6224 8100
7500 6379
6538 6019
6664 6361
7918 9542
5958 6149
6162 5412
7060 5106
4714 5401
5231 5806
6633 5174
4686 5452
5331 5008
15311 24905
22029 17388
19676 18517
16625 19667
22953 23967
14987 23257
9340 5949
4710 5245
7283 7985
6170 6760
7230 8421
8003 7487
5212 6134
4737 7604
6327 5798
5227 6428
4401 4705
4908 5863
5475 6301
9706 10059
15003 11439
9244 10683
12633 11465
9992 9187
8666 9054
6124 5805
5236 4911
4384 5516
5688 5649
6732 6571
4214 6884
4989 3492
4178 5546
3712 5529
3537 4221
4129 5145
4092 4788
4307 4629
24154 18808
22020 20335
14709 19135
18404 18737
14716 16080
16387 13261
12948 14448
7475 7405
9446 5719
5009 7412
7337 7937
3610 4534
4621 5625
5760 4982
3515 3870
4720 4727
4495 4433
4681 5078
5047 4330
11401 11814
11347 10743
11362 10767
10204 11163
10818 9952
7550 8599
6026 5560
4452 3791
5462 6099
19533 21802
22426 21229
25678 24852
19416 19265
18165 19045
19068 15381
15563 15061
8112 8071
8899 8587
5973 7537
19510 17291
19361 16133
18742 18573
11077 24844
22851 21578
8813 23540
11649 7870
6713 8734
8348 6816
23264 19356
24661 23367
19774 14192
20332 20097
17234 18351
20451 14788
13470 20424
7810 8798
6412 9369
5388 5688
16525 20631
23621 24907
20663 21596
12688 26124
25551 17729
4939 20699
4328 4309
6119 5065
6680 5531
10367 8345
7785 7189
5850 5914
5240 5428
6864 6773
4213 5976
7208 5542
4465 4535
6101 5798
4089 5222
20892 24358
22848 19725
18360 18978
24247 18131
17448 17254
18826 14450
8354 9412
7513 10589
7374 7214
6741 9062
7636 8445
6123 5918
6337 7328
7276 6004
5384 5276
5883 6725
5952 7415
3738 6316
19255 15455
23148 23177
18789 20010
20569 12406
25828 22597
24616 23661
6973 14780
5720 6374
3992 5079
5009 5491
5775 5106
6069 7230
4475 5241
6010 4607
4950 4789
5763 5198
4745 4543
4394 6253
3789 4591
8501 6002
21930 19007
20647 18364
18708 12212
24227 23938
24087 26363
8902 6537
7651 6008
8356 5218
7516 6941
11262 10325
7852 9812
8652 7103
6813 5982
6087 5969
5490 5537
5576 5035
5610 5373
5077 5046
10340 9143
13941 8606
10724 10500
9952 11802
9843 10827
7465 8537
5618 5303
5842 4262
4436 4959
4481 4984
7902 7011
6769 6370
5300 5296
5359 5035
5067 4056
4186 5266
4496 4867
5021 4013
4939 4510
25734 18450
22251 20978
18192 16290
17861 16536
16087 14512
13547 14777
15063 17826
8721 8168
7352 7098
4882 6328
5670 8338
4472 6027
4745 4336
3783 5361
5190 4706
5341 4215
5611 3781
4769 4753
4946 4959
11116 12158
13940 13309
9112 11854
12514 10773
10138 8826
9355 7067
5736 4715
4842 4257
4974 5314
8152 13236
20361 25539
21247 24550
16650 17181
21503 16470
15639 14846
16262 16693
10131 8607
7085 8811
6012 5890
15435 21302
20384 17149
18213 20012
10247 24642
27758 19620
8058 25183
6614 9360
5803 6628
6367 7873
15202 8424
27554 28638
20051 22037
16387 17985
16843 17658
13359 14562
14746 17106
10744 13508
7824 8389
6871 8536
18062 27462
29787 22811
20844 17950
11589 23383
26031 14572
5896 23213
4598 5479
5254 6490
5316 4338
6956 7578
6342 7474
7752 6975
5451 4809
6392 6280
5044 6542
5303 6808
4697 5180
4935 4445
4997 6438
24363 24561
24942 24249
16244 20288
18452 15633
17793 16459
12788 16417
9496 10769
7617 6951
7581 5785
6513 7728
6897 6405
6443 6203
6050 7716
3616 4181
5726 5864
3586 6692
5960 5359
5852 5692
5397 5209
17171 20733
22427 19154
17486 22457
13369 23384
25537 21961
9235 22341
5756 5968
7483 5785
5551 6536
7298 6117
8101 7097
6744 6174
8295 5758
6619 6494
4909 5496
6204 6212
3678 4330
5428 5790
6848 6131
18261 19710
18511 20601
17081 16357
24279 23406
24732 23726
8142 15637
7480 7860
5687 6086
6546 6506
6748 8132
6207 8302
6354 5870
6701 6541
4814 5187
5023 4583
5905 4882
4681 5635
6099 4542
7273 7070
11646 12953
12712 11682
10077 15140
10245 12335
8490 8641
6310 6013
5829 5816
4980 3815
5967 4556
5888 6862
5878 5270
6755 5743
5766 4348
4312 3949
4630 4395
5016 4062
4149 4266
4514 3409
18272 15666
27042 22568
17858 20302
15753 16820
16077 17597
15971 17351
15762 16382
8693 8581
6070 6819
5277 5728
7103 6129
6558 5609
5581 4794
3959 3826
4784 4150
5078 3928
5443 4127
4502 3882
5551 4446
8838 12071
13466 9835
11286 9999
9890 10239
13473 12233
7344 9543
4770 5048
4292 4705
5261 5163
5282 5155
22935 20021
24879 22579
15505 14389
20519 17501
14791 15606
17172 17546
9653 7950
9029 7873
8249 7528
14839 19684
17461 18083
18715 19548
20342 13774
26128 21661
10481 20832
7442 8236
6080 6998
7510 5464
6438 6526
21797 23592
26420 22482
16876 17862
20590 23076
22067 15910
14611 16579
11896 7149
9129 8744
5966 8751
17712 21353
29376 26172
18862 20510
14076 22903
21089 22557
6462 19964
5505 6977
6534 5770
6113 4873
4886 5504
8134 6085
6059 6950
5434 4833
6487 7268
4607 6713
6693 5986
5915 5344
6421 6694
4940 5918
21335 20943
23616 23855
16198 16593
18904 18068
15825 18797
18354 14553
9907 15911
9725 9648
9073 8759
8889 7058
9233 9720
6688 5557
5906 5747
5929 3701
5115 5842
6925 3991
6720 4598
3653 6305
6183 4521
21083 21750
20851 19489
19236 22637
16103 24113
25737 18274
4993 21889
5396 5913
5328 6099
5380 5070
6113 4651
5558 7840
6018 5828
5000 4755
6319 5299
5672 5197
3968 4375
5678 4643
5289 3705
4710 5333
1672 3245
1377 1755
1348 1354
1153 1149
935 950
961 885
954 824
825 773
676 978
768 775
606 684
477 482
538 466
456 535
427 440
377 428
414 388
340 374
334 325
334 370
263 284
304 276
290 285
301 276
231 277
225 250
220 210
273 218
188 214
241 256
204 203
193 198
199 184
198 185
155 176
174 148
149 163
145 172
173 164
133 157
167 171
147 133
125 119
148 137
146 157
117 114
122 130
116 109
115 119
98 108
120 103
113 121
103 103
105 93
99 95
100 101
80 83
99 96
85 79
75 78
82 83
92 85
69 63
73 75
68 71
78 72
68 67
70 73
74 74
64 64
58 60
59 58
59 58
57 52
60 59
48 51
46 48
47 48
51 55
50 52
42 42
44 41
44 42
39 39
41 37
40 41
38 35
33 32
38 37
40 37
29 32
33 30
33 31
32 31
28 29
32 34
28 26
27 24
25 24
26 27
21 22
23 24
24 25
24 24
20 21
22 25
22 24
20 20
20 20
23 18
23 21
20 18
20 20
17 17
17 17
17 17
18 17
15 16
15 15
15 14
17 14
14 14
16 16
13 13
12 14
11 12
12 13
15 12
11 11
12 12
13 11
11 12
10 11
12 11
10 10
11 8
10 11
10 10
10 12
8 9
10 10
8 10
8 8
8 9
10 8
8 8
8 8
9 7
9 7
9 7
50 87
12121 19684
21849 22651
18027 17466
12171 27311
24568 25405
10979 28237
11674 12154
10772 12425
14852 16839
11363 10069
14523 14029
10714 12983
11523 14414
6539 12794
9235 11289
7922 9302
6837 7290
5423 7242
5681 7696
11778 10271
13662 12091
11024 11256
8975 11672
9371 9038
5603 6145
2854 3462
2666 2979
3400 3152
5580 4266
5286 6570
4793 4028
8659 7149
7100 7499
9307 10387
12170 12139
12573 13838
9771 9913
11582 14050
31227 26595
26702 27740
18552 17005
26435 22701
19993 18885
18146 16875
11280 10993
10910 7329
11063 9342
7115 7075
7803 8814
6778 5111
5099 6161
3999 4310
3387 3492
3460 1644
2812 2387
1978 1517
1351 1929
9279 8939
10256 8993
13839 10550
16084 16123
10777 11653
12475 12726
9763 10826
12659 14225
12861 13930
29938 29030
23860 24861
22859 13820
29322 21575
21654 16974
19559 17386
14277 10725
8681 7386
10482 8585
6187 6056
15739 16774
23981 21452
17534 15276
18972 25169
25462 28075
12603 24897
14099 15108
12107 10613
12561 13198
21811 20887
28308 27586
15568 21158
24287 22352
21957 21865
18121 18099
15591 19807
12548 10280
10125 7191
6480 11112
22313 23868
18183 25976
19238 13609
26119 22111
22229 22903
5565 14531
2860 2700
2723 2590
2382 2755
4960 4874
4998 5532
9520 7062
9720 8499
11836 12552
13201 11611
13774 12643
12232 10088
9674 8845
18062 13560
23432 21280
28477 28062
26609 19221
18144 16644
12942 14421
18187 19463
12781 10096
9455 10763
6245 8079
7773 8534
6005 6224
5827 5052
2686 1784
3721 3603
2289 2717
2719 2970
2005 2745
1954 1592
14493 12831
22206 23354
17258 20197
19524 15365
23765 24730
22171 27666
10960 9412
9510 10080
12849 9651
12322 10839
10843 10264
13440 12487
5435 10953
10774 13001
3430 4441
8845 8488
6639 4560
6407 7814
3917 5710
16921 19045
20718 21696
18240 23763
19531 20660
28500 25156
11265 20829
13598 10626
8787 11195
7500 7089
6137 6902
9691 8927
4929 6930
5820 6155
8253 7753
3508 5858
6554 4473
6432 4035
6367 5380
2740 3552
8728 8254
10482 9956
9876 11175
10237 9640
8183 10896
7192 6416
2921 3104
2776 2840
2596 2397
3152 2285
5281 5917
4358 5162
6394 6783
12145 9975
10643 4946
10650 8091
7751 8180
5458 6441
5387 6327
20246 23875
22543 20808
15033 18261
19210 19012
16888 17449
17311 16974
11812 15374
7509 6991
5784 5127
4753 4733
5919 7010
3503 3378
4769 3710
3324 3115
2054 2649
2735 1831
2253 2434
1639 1964
1314 1409
9147 9378
12636 9546
9555 9850
12428 13013
16848 12086
10264 9580
7543 7458
8392 8099
4807 6810
17277 23029
24075 20295
23509 20723
20094 18405
17182 16920
16798 16554
13802 14945
9204 7912
6701 6423
4702 5608
18672 18526
22794 17556
19666 19775
15534 25480
27032 16755
8889 24276
8127 8728
9376 7974
6525 8643
23492 22339
21227 22269
20541 12835
18934 18768
19946 17164
15838 16357
13620 18330
9167 8660
7609 6178
7804 7386
12874 19547
25858 20123
19781 22351
12799 23931
25652 16664
4652 19279
2822 3695
4518 5496
1985 3477
4583 7185
6176 4504
4909 4984
8200 10545
13576 11684
9244 13767
12904 11522
10699 12217
7610 7557
8078 9979
23303 22010
20898 18680
15434 19935
21940 15870
15435 14053
20987 16803
10051 8367
7064 8123
5701 4602
6554 7631
5356 5910
4448 3857
2564 3399
2832 2692
2794 3703
2512 2905
2701 3083
1941 2813
15582 9369
24275 22687
20045 21772
21356 16079
27877 30043
28774 26755
11401 23879
7826 8868
8737 10737
5781 7926
6951 8981
7371 8564
6446 7971
5598 6952
5501 7187
3501 4880
5351 7136
4486 3962
3289 4261
10509 7838
20975 17125
13897 20563
16597 10209
24694 24823
19518 31749
13306 18762
10785 10804
9624 10369
16541 15749
12808 15704
10355 12111
11324 14058
7799 9865
10749 13660
8850 9729
7956 7883
6291 8609
5175 7356
9787 11592
12246 11084
12788 10994
10915 12108
8676 11199
7764 8131
5269 3804
3142 3915
3839 3456
1971 2949
5794 5487
4856 5884
8644 6329
8976 8845
10440 6604
10849 10850
10775 10847
12517 12241
11360 13685
30605 30560
22958 25118
24222 15333
28369 24178
20431 17389
20440 18275
14353 10664
10525 8209
10183 8802
6978 6301
7776 8174
7629 7870
5259 5545
4618 4515
4519 3699
3363 3200
2781 2080
1680 1593
1949 1779
10249 8450
12172 10269
9079 9169
12696 13067
16738 15628
13320 12754
11537 11688
12124 13626
12283 12362
19342 8624
30730 26225
27515 22144
14276 20370
25319 17563
20457 16033
19110 15063
10330 9273
6744 8208
10270 8774
14274 18189
20175 18393
17136 15609
12681 23353
28083 18998
13862 29597
16169 14379
12400 11308
14554 11107
13994 15499
25511 27120
28361 29867
27149 22351
23508 23432
15710 17316
21361 20324
13275 9893
9672 12077
6721 7826
16493 21913
21778 23007
21781 25251
15745 23785
27225 14056
4807 19825
2954 3563
3073 2776
2478 2615
3969 4307
4367 4622
3961 4891
13170 9774
6606 5332
13603 13112
9753 9995
10745 11297
13056 9774
12297 11922
23707 22196
29283 30084
17898 15861
26080 22457
15957 16761
18646 17824
12985 10057
12654 11443
9782 8208
6711 6501
6254 7502
5212 4803
5185 3315
4113 4100
2988 2389
2553 2841
1339 1885
2178 2297
1554 2038
14008 22203
23386 19416
18655 18722
18551 23203
26559 27772
11112 29918
10505 11506
12201 9261
8078 10006
13555 12097
11720 10896
11581 10588
8823 10906
8329 10608
8780 8547
6584 4078
6355 7140
4445 3842
4818 5113
17352 21359
16682 23598
19902 15761
20658 28517
27491 20774
13652 20803
7790 9133
6395 5522
9090 6689
9360 8963
6523 8026
6632 6077
6873 9504
4497 5100
4790 5505
5671 4905
3875 3539
5344 3659
7277 6338
12854 11247
9845 9283
9944 10632
10053 11676
6694 7001
4526 4566
3581 2821
1835 2064
3887 2656
6336 4907
5431 6029
4997 5528
7275 7594
11630 9720
10445 8988
6614 7555
7789 8098
5319 6746
16223 11335
21211 23186
20312 23633
17313 19562
14442 17498
17161 18251
13114 16028
9159 8675
7390 6334
5215 4833
5568 5350
6469 7478
4065 3968
2879 3728
3437 2724
2676 2997
2352 2521
1295 1809
1631 1881
10098 7232
12617 10157
10202 11100
11157 11674
17850 15334
11872 10148
9242 10448
7968 8320
5128 6751
3995 3789
21752 24470
26166 22911
17631 18443
16082 17290
16592 16361
15951 18032
8939 7250
6910 6371
5278 5387
13525 21278
20795 17325
17179 17936
17217 16796
26841 27290
15064 27497
12296 9581
8465 11407
9492 11059
8360 13226
25467 24069
20731 21353
16584 18941
18935 15477
22973 17556
18104 18563
11020 9443
7604 7378
8842 8025
17418 19355
23494 19093
20510 22256
15734 24171
24038 22416
7551 21522
4092 4191
5399 3919
4974 5118
4333 3459
7673 7977
8958 5688
8033 10677
12585 12208
11771 8418
13183 13802
7532 11173
10582 12229
5936 6536
22831 26638
23577 21913
15137 18100
22547 18327
16088 15606
16622 16372
10131 15392
11304 11246
9084 7575
5849 8177
9002 9115
7139 6664
3900 5309
3960 4424
4167 3471
2759 3239
3648 2997
2855 3744
2290 2422
4177 5244
6390 3713
4926 5175
8988 10059
10289 9671
9514 10149
7637 10006
8879 9512
6202 8401
5669 7916
7598 6865
7993 7501
5691 7564
5742 7597
5866 5723
5389 5824
5150 7353
2777 3636
3982 5256
16191 11789
14101 18152
15591 20780
17839 16724
14390 23740
17394 20865
9731 24494
12418 18170
13524 22507
17928 16127
12435 17810
13372 11671
15762 16518
7510 8273
14132 12325
7566 10521
14585 10939
6686 11937
4263 6799
7916 7931
11993 14371
10608 15577
11283 11639
12787 12675
10235 12007
8239 9661
10551 10441
6934 10503
13817 11718
5999 12207
7277 9967
16227 15066
24057 19341
10653 15087
18703 11478
9671 22619
12683 20296
9503 10320
15731 12698
16679 10416
9626 18705
11439 7653
8312 14785
12334 9199
6561 14858
7010 7719
5858 8316
6719 15298
10004 15168
8152 14635
10494 13863
13343 7541
4999 10750
8837 10833
6771 8974
8543 11694
9565 4734
8440 18201
5038 11471
15007 9439
15360 18784
13421 11585
16146 15077
8876 19760
13687 20500
10489 11119
12952 20334
10507 9173
9950 16356
10194 17140
13503 7561
12157 16621
11176 5179
6305 11643
7438 7379
3133 6371
12898 11552
11114 13917
7481 6457
10165 15611
3582 10881
7984 5791
4548 9324
8049 6816
8477 8417
8920 11729
16498 10870
9723 9004
12913 16209
8888 15689
9549 11436
9779 18074
16129 12441
9437 20462
15079 17028
13030 19302
9865 16900
14113 12344
9846 12147
10956 14098
11234 7917
2398 9783
6585 6050
4080 6288
13579 15001
11197 8694
12357 8228
4320 7428
11087 9853
8535 6794
11568 9237
12383 5518
4498 8552
12725 19501
11942 14623
14959 26336
22134 22277
11747 23992
17268 21787
16906 15951
16735 20466
12086 21401
16903 18140
22433 16890
14764 19201
9272 21143
18413 16509
13760 7782
14805 15632
8462 15476
14768 10630
8958 8687
8318 14647
14134 13620
12327 20149
20238 11679
14599 17579
15584 21236
15402 20492
15672 19425
16454 14346
15436 18056
17142 26335
17344 19601
18361 14197
14040 11346
14909 14948
10961 13311
14554 11315
11189 9843
5639 9014
13690 9280
15871 14620
12542 21024
19835 19213
12028 12325
13114 18644
16985 20912
14399 19785
18862 16182
17673 18259
14983 13192
15175 10737
16772 15775
13239 14811
15000 13128
14643 14408
15737 10032
10080 9295
8241 6306
5454 2739
1387 4637
3505 2881
2572 2154
2696 3107
2400 3052
2404 2869
2550 3004
2698 2363
2286 2082
1870 2056
1659 2037
1637 1585
1799 1864
1997 2324
1884 2032
2107 1892
2516 2083
2397 2048
1793 1537
1560 2033
2168 2444
2488 2949
2345 3049
2546 3503
2951 3904
2507 3520
2433 3103
2471 2673
1271 1354
899 1058
904 1001
876 851
598 657
684 844
594 636
737 863
402 424
613 633
779 807
1311 1374
1749 2008
1962 2800
2115 3194
2188 3189
2152 3255
2378 2847
1779 2072
1103 1120
1376 1742
1579 1852
2117 2716
2111 3156
2476 3299
2137 2912
2341 2898
1375 1888
770 779
677 868
738 796
638 493
592 453
386 404
318 375
296 328
271 230
307 265
491 447
1018 1153
1599 1936
1735 2787
2013 3054
1997 2840
2159 2740
2225 2635
1705 1937
892 940
2174 2479
2400 3115
3090 3332
2402 2585
2198 2199
1899 1946
2028 1963
1133 1082
1025 1131
1031 986
1076 977
738 679
577 612
392 310
306 311
172 172
158 133
162 151
593 598
2074 2344
2856 3050
2591 3051
2334 2514
1969 1967
1808 1809
1543 1412
983 1102
1032 1106
1015 995
795 757
548 585
389 342
219 202
137 141
95 94
138 109
107 96
311 205
1743 1922
2765 2819
2703 2660
2907 2798
3066 2959
2862 2865
2481 2468
1466 1347
668 500
345 243
400 304
384 300
296 220
230 200
214 220
187 205
160 181
118 111
404 449
1144 859
1287 1209
1155 1405
1022 1252
1496 1132
1737 966
1748 1179
1498 1387
1323 1207
1445 1543
1721 1404
1407 1524
1168 1506
1568 1433
1688 995
1751 1294
1479 1352
1300 1227
1100 1134
2177 2468
1993 2542
2249 2948
2283 3044
2455 2971
1754 2226
1474 1657
745 626
504 593
1879 2062
2916 2973
2681 2684
3081 3022
3025 2954
2811 2827
2511 2566
1230 1108
659 469
1203 1107
2168 2521
2406 2733
2345 2729
2194 2664
2134 2673
1679 1998
1310 1453
789 736
611 651
1772 2257
2873 2881
2744 2709
3011 2906
3037 2946
2888 2892
2073 2056
1090 960
536 396
1232 1330
2364 2782
2742 3132
2713 3061
2104 2303
2045 1988
1892 1899
1609 1406
1028 1085
1166 1161
1414 1386
1922 2208
2267 2590
1967 2845
2187 2953
2231 3043
2218 2761
2094 2461
1429 1561
1388 1637
3226 3545
3164 3458
2635 2888
2180 2141
2204 2220
2011 1964
1420 1318
965 1057
1030 1022
941 907
807 717
521 546
386 374
283 275
175 191
94 119
105 107
103 88
64 58
58 45
41 29
35 31
41 36
37 32
27 29
15 15
2353 2236
2624 1913
1929 2534
2470 1790
1852 2096
2867 3156
2870 2163
4116 3398
2646 3277
3494 5242
31376 31568
18124 32009
16246 24830
22742 23050
22650 20413
16000 13978
13911 18116
17659 19672
20839 18655
17107 17025
14431 13049
16872 10235
15379 13297
15176 9957
10539 12354
9746 10331
15339 12089
12587 12105
7760 8839
10837 8894
8215 8247
10668 5408
10444 8535
7534 8275
8002 6196
10121 8036
7267 8478
7596 5674
7106 7362
8051 4436
7687 6606
4837 5779
7725 4795
7363 7824
4544 4537
5936 5092
3721 5693
6856 4765
5408 4670
4060 5286
5794 3446
5283 4379
3911 3950
5174 4733
4364 3633
5029 3504
4032 3451
1936 3435
4495 3451
4355 3180
1858 3486
4600 2512
3256 3070
3213 2408
3756 3189
2073 2788
3254 1931
3168 2964
2069 2462
3140 1781
2440 2618
2569 1898
2362 2324
1859 1857
2446 1774
2450 2067
1216 1949
2346 1675
1421 1841
1731 1469
2044 1853
917 1824
1872 1508
1878 1413
1166 1230
1710 1017
1833 1417
1562 1289
1348 1237
1053 1289
1393 1421
1308 1090
924 1236
1280 1151
1233 1198
1395 1131
1176 1063
858 1135
983 1123
1074 1306
942 1365
1189 1182
1121 1019
788 1061
1202 899
1104 973
951 821
985 1013
626 954
1182 821
965 938
1055 1415
993 916
725 850
973 970
980 838
898 1076
828 825
753 740
841 671
797 771
719 786
706 694
768 611
623 783
666 554
587 586
983 708
779 500
628 612
665 631
494 559
576 699
629 422
633 430
564 617
600 446
452 649
521 754
606 614
589 626
594 501
622 441
441 363
622 563
500 483
383 621
397 524
420 504
519 492
659 432
545 332
433 486
422 585
500 444
392 471
412 490
535 472
433 366
434 508
342 453
302 605
277 315
404 370
405 282
452 419
355 415
370 369
402 447
312 395
224 406
412 349
439 261
382 438
320 379
403 380
306 324
402 429
292 294
345 212
349 263
387 297
216 368
326 384
240 298
262 310
288 309
379 300
274 267
271 338
349 340
310 312
299 264
267 214
258 231
226 209
178 251
195 380
203 243
178 246
300 355
274 175
297 218
199 205
222 268
251 199
239 239
252 229
265 185
230 158
216 213
232 255
205 227
128 227
301 260
305 317
229 199
250 198
218 226
178 233
182 186
194 218
256 187
305 208
262 222
265 187
171 218
160 205
222 212
181 192
183 140
203 143
192 222
150 171
128 201
186 206
147 136
160 175
209 146
182 158
175 201
133 192
118 211
116 151
178 121
133 115
204 113
211 176
150 145
154 177
133 146
133 170
206 120
179 109
136 130
102 142
145 153
152 190
96 128
137 119
139 97
148 95
177 134
154 194
128 149
160 135
151 145
174 84
175 91
140 110
100 90
78 106
132 164
147 107
132 87
148 117
147 168
99 105
90 146
80 136
109 109
97 102
118 91
137 87
104 108
85 128
105 138
69 103
129 97
133 77
142 67
138 85
67 95
102 109
89 104
113 90
102 94
137 63
100 64
100 117
94 111
81 127
92 99
96 82
103 65
92 65
89 73
85 108
60 89
83 109
94 80
116 69
101 68
85 59
64 99
86 110
88 96
70 77
92 68
106 72
78 46
79 77
90 84
63 116
89 88
115 92
91 53
80 45
84 79
67 103
61 91
51 100
78 57
74 50
94 52
80 47
50 65
46 74
64 76
63 73
73 51
78 41
77 53
59 54
67 88
56 76
57 73
54 73
76 58
89 48
65 54
64 61
51 64
44 79
74 70
79 60
69 51
70 41
51 60
79 84
46 75
47 70
47 46
66 53
76 67
76 59
51 70
38 73
34 66
48 77
66 46
83 41
57 50
67 74
38 63
41 48
68 64
73 38
71 28
58 57
